function F8b = F8b(x)


VJA=[x(121) x(122) x(123) x(124)];
options=2;
dc = 2;
CA = [0.639; 
      0.697;
      0.623; 
      0.649];

F8b= VJA * CA;